Each piece can be represented by a matrix

S1 = [
    [1, 1],
    [1, 1]
]



I1 = [
    [0, 0, 0, 0],
    [1, 1, 1, 1],
    [0, 0, 0, 0],
    [0, 0, 0, 0]
]

I2 = [
    [0, 0, 1, 0],
    [0, 0, 1, 0],
    [0, 0, 1, 0],
    [0, 0, 1, 0]
]

I3 = [
    [0, 0, 0, 0],
    [0, 0, 0, 0],
    [1, 1, 1, 1],
    [0, 0, 0, 0]
]

I4 = [
    [0, 1, 0, 0],
    [0, 1, 0, 0],
    [0, 1, 0, 0],
    [0, 1, 0, 0]
]



L11 = [
    [1, 0, 0],
    [1, 1, 1],
    [0, 0, 0],
]

L12 = [
    [0, 1, 1],
    [0, 1, 0],
    [0, 1, 0],
]

L13 = [
    [0, 0, 0],
    [1, 1, 1],
    [0, 0, 1],
]

L14 = [
    [0, 1, 0],
    [0, 1, 0],
    [1, 1, 0],
]



L21 = [
    [0, 0, 1],
    [1, 1, 1],
    [0, 0, 0],
]

L22 = [
    [0, 1, 0],
    [0, 1, 0],
    [0, 1, 1],
]

L23 = [
    [0, 0, 0],
    [1, 1, 1],
    [1, 0, 0],
]

L24 = [
    [1, 1, 0],
    [0, 1, 0],
    [0, 1, 0],
]



Z11 = [
    [0, 1, 1],
    [1, 1, 0],
    [0, 0, 0],
]

Z12 = [
    [0, 1, 0],
    [0, 1, 1],
    [0, 0, 1],
]

Z13 = [
    [0, 0, 0],
    [0, 1, 1],
    [1, 1, 0],
]

Z14 = [
    [1, 0, 0],
    [1, 1, 0],
    [0, 1, 0],
]



Z11 = [
    [1, 1, 0],
    [0, 1, 1],
    [0, 0, 0],
]

Z12 = [
    [0, 0, 1],
    [0, 1, 1],
    [0, 1, 0],
]

Z13 = [
    [0, 0, 0],
    [1, 1, 0],
    [0, 1, 1],
]

Z14 = [
    [0, 1, 0],
    [1, 1, 0],
    [1, 0, 0],
]



T1 = [
    [0, 1, 0],
    [1, 1, 1],
    [0, 0, 0],
]

T2 = [
    [0, 1, 0],
    [0, 1, 1],
    [0, 1, 0],
]

T3 = [
    [0, 0, 0],
    [1, 1, 1],
    [0, 1, 0],
]

T4 = [
    [0, 1, 0],
    [1, 1, 0],
    [0, 1, 0],
]